0.42689 0.67392 0.78141
0.20328 0.55506 0.76024
0.42689 0.67392 0.78141
0.20328 0.55506 0.76024
0.42689 0.67392 0.78141
0.20328 0.55506 0.76024
0.42689 0.67392 0.78141
0.20328 0.55506 0.76024
0.42689 0.67392 0.78141
0.20328 0.55506 0.76024
0.42689 0.67392 0.78141
0.20328 0.55506 0.76024
0.87411 0.91164 0.82375
0.20328 0.55506 0.76024
0.42689 0.67392 0.78141
0.20328 0.55506 0.76024
0.42689 0.67392 0.78141
0.20328 0.55506 0.76024
0.9666 0.90313 0.78213
0.87411 0.91164 0.82375
0.80449 0.49973 0.48971
0.72343 0.29803 0.3435
0.42689 0.67392 0.78141
0.87411 0.91164 0.82375
0.87411 0.91164 0.82375
0.87411 0.91164 0.82375
0.42689 0.67392 0.78141
0.87411 0.91164 0.82375
0.42689 0.67392 0.78141
0.20328 0.55506 0.76024
0.42689 0.67392 0.78141
0.20328 0.55506 0.76024
0.42689 0.67392 0.78141
0.20328 0.55506 0.76024
0.9666 0.90313 0.78213
0.9666 0.90313 0.78213
0.20328 0.55506 0.76024
0.42689 0.67392 0.78141
0.20328 0.55506 0.76024
0.42689 0.67392 0.78141
0.42689 0.67392 0.78141
0.9666 0.90313 0.78213
0.9666 0.90313 0.78213
0.9666 0.90313 0.78213
0.635 0.078 0.184
0.9666 0.90313 0.78213
0.9666 0.90313 0.78213
0.9666 0.90313 0.78213
0.9666 0.90313 0.78213
0.88554 0.70143 0.63592
0.42689 0.67392 0.78141
0.20328 0.55506 0.76024
0.9666 0.90313 0.78213
0.9666 0.90313 0.78213
0.42689 0.67392 0.78141
0.42689 0.67392 0.78141
0.42689 0.67392 0.78141
0.20328 0.55506 0.76024
0.9666 0.90313 0.78213
0.87411 0.91164 0.82375
0.42689 0.67392 0.78141
0.20328 0.55506 0.76024
0.42689 0.67392 0.78141
0.20328 0.55506 0.76024
0.42689 0.67392 0.78141
0.20328 0.55506 0.76024
0.42689 0.67392 0.78141
0.20328 0.55506 0.76024
0.9666 0.90313 0.78213
0.9666 0.90313 0.78213
0.87411 0.91164 0.82375
0.20328 0.55506 0.76024
0.87411 0.91164 0.82375
0.20328 0.55506 0.76024
0.6505 0.79278 0.80258
0.9666 0.90313 0.78213
0.9666 0.90313 0.78213
0.9666 0.90313 0.78213
0.9666 0.90313 0.78213
0.9666 0.90313 0.78213
0.42689 0.67392 0.78141
0.20328 0.55506 0.76024
0.42689 0.67392 0.78141
0.20328 0.55506 0.76024
0.42689 0.67392 0.78141
0.20328 0.55506 0.76024
0.42689 0.67392 0.78141
0.20328 0.55506 0.76024
0.9666 0.90313 0.78213
0.20328 0.55506 0.76024
